15
100
19
4
58
88
39
25
64
99
47
53
3
90
79
16
74
80
30
17
7
13
52
48
40
87
32
89
11
62
23
36
3
2
43
28
94
24
39
15
32
11
37
76
59
44
92
36
27
61
84
34
57
56
79
79
73
62
50
14
85
6
91
21
16
39
28
7
46
70
61
79
75
52
84
40
83
92
59
8
58
73
36
99
29
71
95
88
56
90
4
77
100
10
51
72
44
87
81
26
96
19
23
48
41
22
35
74
65
89
52
12
2
33
65
97
15
58
19
72
33
58
22
64
97
74
99
6
42
20
79
57
16
98
35
74
80
30
17
9
96
67
5
89
11
36
60
71
46
69
65
94
39
15
93
11
32
82
37
63
18
26
27
1
100
66
76
49
53
31
47
29
56
17
93
34
88
38
32
82
93
11
48
26
59
37
85
71
31
60
83
28
31
81
78
75
17
52
29
47
40
1
54
73
75
68
71
25
64
56
3
42
86
97
54
15
26
51
33
72
44
5
81
62
96
19
62
33
41
98
89
78
35
78
94
16
28
21
14
55
59
76
37
10
41
37
50
88
27
8
19
4
54
77
1
92
63
79
38
56
58
95
81
78
20
51
72
33
50
45
36
54
90
12
42
29
68
64
25
18
85
24
39
23
14
73
33
83
5
26
67
3
61
98
25
64
6
74
99
53
72
58
89
55
54
15
45
73
89
1
84
96
9
8
71
30
13
52
91
89
82
87
18
59
80
50
41
43
82
7
98
94
65
16
21
60
2
52
13
70
34
84
57
88
79
53
20
70
19
66
27
97
100
83
7
69
85
46
91
60
14
18
37
10
82
32
73
37
50
88
49
90
66
8
4
73
40
51
38
29
79
15
17
84
70
78
33
72
36
86
77
77
90
29
95
55
56
13
52
2
80
74
35
38
87
39
78
62
23
14
33
44
5
26
55
42
3
61
20
79
25
28
74
53
47
63
55
58
19
86
23
93
62
36
48
84
55
44
71
17
2
52
13
89
61
35
74
87
18
5
9
80
32
11
82
46
7
98
65
24
39
60
34
13
70
84
75
57
68
56
88
95
53
12
21
31
70
97
8
100
92
98
51
40
14
40
87
67
1
11
50
61
46
2
17
20
25
88
38
34
75
12
90
100
45
91
4
72
63
61
21
6
29
79
95
10
51
83
33
95
36
15
54
93
62
49
5
71
41
18
76
48
9
21
3
13
30
60
85
65
42
40
83
22
36
19
64
79
47
6
68
29
99
71
6
16
21
16
94
39
85
35
67
41
9
48
76
7
46
24
69
2
59
44
9
87
45
55
14
4
4
45
49
94
63
22
92
26
72
99
34
88
56
25
12
53
90
70
31
81
55
14
84
87
76
1
73
11
62
24
65
61
46
35
98
80
30
79
3
81
25
97
100
45
91
40
22
20
61
31
6
68
29
84
95
51
33
83
19
95
8
15
66
100
5
5
44
80
9
3
71
68
34
69
7
65
42
83
22
51
66
36
77
86
58
78
31
42
20
64
95
96
84
29
30
52
13
57
78
69
93
26
66
38
64
35
46
24
91
69
35
80
43
59
18
9
62
55
62
4
73
32
49
97
94
76
22
26
99
92
34
56
17
12
70
3
56
29
47
96
99
3
61
90
83
59
10
41
9
96
48
37
59
41
82
39
74
60
47
30
41
4
32
48
18
87
45
55
62
14
91
21
43
2
2
64
98
46
43
24
65
70
81
31
88
63
92
26
4
45
100
94
43
52
91
65
94
81
28
98
69
73
32
14
76
23
97
27
66
55
4
81
53
64
79
34
19
36
51
98
83
27
68
47
38
93
56
95
90
78
39
16
60
80
71
68
44
59
63
48
9
8
67
23
100
82
5
64
25
47
6
24
3
20
49
90
86
73
97
92
51
9
41
37
41
11
93
57
78
89
85
35
46
60
47
28
7
6
71
13
4
82
33
45
62
55
60
21
69
43
2
2
98
64
43
74
65
53
31
20
99
34
75
56
22
99
77
45
8
15
97
94
43
91
7
94
69
98
82
32
96
14
37
87
76
67
1
23
63
22
100
72
66
57
4
91
81
42
25
12
53
97
38
79
75
34
84
28
58
36
77
49
76
17
92
98
33
27
29
95
21
90
28
86
85
46
78
16
57
3
80
30
68
5
63
8
26
32
11
62
93
49
100
41
66
27
97
91
72
23
38
75
84
25
24
46
69
98
28
43
91
7
13
55
44
40
37
87
32
73
11
21
3
80
30
68
78
42
16
57
94
62
93
5
18
44
48
8
26
98
40
83
27
19
58
77
15
29
95
17
96
26
9
18
71
6
16
30
57
94
39
89
60
35
74
47
3
24
20
95
17
79
29
99
68
40
83
10
51
90
77
86
19
56
88
56
53
90
20
31
81
70
49
97
94
8
44
9
87
45
14
55
61
4
73
48
7
98
64
43
65
24
60
13
12
70
2
27
54
45
4
26
23
22
63
97
79
38
34
75
74
81
53
12
94
24
28
2
80
43
55
84
76
37
67
73
71
68
69
85
65
39
39
16
23
93
50
100
49
5
5
63
48
8
67
9
10
51
98
72
33
27
58
19
66
77
36
8
61
90
6
29
68
47
93
41
88
93
50
67
26
96
9
66
85
71
30
31
89
60
85
47
7
78
61
25
47
6
99
83
10
22
90
86
75
34
88
12
20
70
3
45
94
100
54
63
22
87
9
45
62
62
4
73
64
43
91
21
60
35
80
2
57
91
78
85
47
60
9
26
67
66
37
82
93
77
58
54
1
1
22
25
38
29
42
20
92
22
63
26
99
33
50
86
49
8
100
53
12
81
75
88
64
17
91
21
69
98
43
46
89
73
5
18
87
9
62
12
53
97
64
88
75
34
58
23
40
22
97
27
45
86
91
1
32
40
50
11
55
40
5
67
51
61
46
89
69
28
98
37
9
8
93
5
82
65
78
42
60
11
71
30
80
68
6
38
20
61
58
77
95
54
15
51
51
1
16
83
39
35
60
28
71
52
67
26
66
48
93
27
90
49
86
36
73
19
47
58
83
92
22
10
95
29
47
68
70
20
61
63
26
99
77
4
15
94
81
99
75
17
56
60
69
43
7
65
87
23
32
82
73
48
18
59
9
96
14
42
25
97
88
99
28
87
40
23
63
100
91
4
1
73
32
23
50
96
14
55
87
2
43
7
91
61
65
24
46
74
82
63
67
100
41
5
28
86
46
78
65
57
42
30
93
21
61
20
70
58
95
36
27
92
98
10
72
83
27
84
5
40
32
93
36
72
89
30
71
17
13
64
25
74
53
42
3
53
20
90
15
72
54
19
86
33
61
31
75
70
57
17
79
1
40
83
36
58
8
51
97
49
49
32
11
50
82
37
18
18
80
23
3
60
2
13
46
86
28
98
7
57
94
1
22
59
49
66
27
54
58
38
45
81
31
78
61
38
79
17
56
29
6
31
91
16
39
57
94
69
46
82
73
10
37
88
41
18
59
37
74
89
78
13
2
80
5
67
26
96
45
62
48
14
33
41
78
77
15
51
33
72
68
69
99
29
95
64
53
42
14
84
96
44
23
82
74
35
30
30
43
13
52
74
99
53
20
61
79
72
15
19
58
83
72
22
70
34
84
70
47
57
17
88
38
10
92
1
51
100
8
49
100
50
82
87
63
18
80
48
21
34
2
46
86
7
24
65
10
92
49
8
27
4
31
81
78
79
75
38
56
17
64
84
96
47
31
21
91
16
28
32
10
37
88
50
48
66
59
18
76
37
85
74
38
98
78
39
52
12
13
80
43
81
62
67
23
62
14
33
77
36
97
15
54
99
68
24
92
25
90
75
52
56
84
88
31
78
20
8
19
77
40
22
92
59
55
85
11
88
13
78
7
21
60
62
4
53
14
44
81
67
96
19
35
42
12
13
52
91
43
74
85
35
24
39
89
3
25
71
56
51
10
33
50
86
77
15
80
52
13
91
89
57
35
89
73
1
23
62
11
36
48
96
5
44
83
55
54
58
45
42
90
12
79
6
99
48
47
77
19
19
66
8
100
51
49
92
1
84
75
57
17
95
38
53
20
3
31
46
7
98
28
69
65
94
16
78
43
76
37
59
18
93
15
32
50
75
29
52
68
6
31
70
24
78
49
8
4
54
45
92
22
14
9
67
18
85
82
32
11
50
83
94
7
69
30
21
23
41
33
44
81
96
55
19
35
69
52
2
64
90
85
81
20
42
34
99
29
64
25
71
56
10
63
72
77
15
54
30
71
80
2
52
89
16
57
82
74
89
23
11
36
48
5
33
72
63
54
72
91
19
58
86
81
42
3
90
79
25
28
47
97
27
8
76
92
1
70
68
45
17
56
79
12
21
31
85
86
46
69
28
94
39
34
30
87
76
59
67
80
15
32
11
92
51
10
83
33
27
36
77
95
76
54
21
90
20
61
70
29
6
47
68
85
39
65
57
62
49
100
41
44
44
48
9
61
24
94
65
74
69
96
14
37
87
76
36
23
100
57
45
4
91
23
40
46
88
38
75
34
99
25
12
53
59
18
87
45
62
23
73
32
82
33
98
7
43
74
87
91
69
43
2
2
92
75
88
56
12
31
20
77
4
45
100
15
97
63
26
99
24
3
86
61
20
29
47
96
29
92
10
27
49
77
36
73
19
37
93
41
66
48
6
52
13
78
39
85
46
28
51
1
58
19
36
15
54
21
20
29
68
60
3
30
80
71
39
57
42
93
49
100
41
82
5
18
59
44
37
9
26
67
65
24
89
46
81
98
69
2
91
55
76
90
1
11
97
86
4
33
22
63
64
84
34
75
25
5
87
9
45
62
14
32
73
10
14
98
7
46
65
52
21
2
92
34
64
17
53
70
81
49
97
22
33
3
42
95
29
38
47
96
68
29
1
83
90
36
19
58
50
10
41
82
93
41
67
26
96
66
48
37
6
71
13
16
57
35
21
2
98
64
35
43
65
4
82
48
59
18
81
62
14
55
92
63
99
45
97
54
100
20
81
92
34
75
88
67
71
66
36
86
19
83
22
27
64
25
95
75
84
6
29
68
24
42
16
85
74
47
7
30
71
67
9
48
66
85
41
88
93
50
68
29
93
90
21
19
58
36
95
10
33
72
27
44
63
44
67
26
23
50
100
5
41
69
85
39
78
16
57
3
30
34
1
89
32
73
11
84
40
76
67
2
80
43
7
94
24
61
81
79
25
12
97
88
79
75
28
1
23
63
22
97
27
54
91
13
43
7
24
82
48
44
87
55
92
99
45
100
8
12
53
90
20
31
75
88
56
77
40
83
51
10
64
52
47
6
68
3
24
20
61
16
94
89
78
60
74
85
35
30
16
52
67
48
76
18
93
68
47
93
79
95
17
20
77
95
36
15
10
51
98
40
33
18
44
63
48
8
26
67
93
23
62
71
78
39
42
3
80
60
31
73
32
55
40
44
67
43
7
91
13
28
69
53
97
38
53
84
28
1
22
66
4
32
50
76
87
37
18
18
9
67
80
21
68
43
86
85
46
69
65
94
24
39
53
12
31
70
68
6
17
79
38
92
98
84
51
40
100
51
49
76
99
74
34
81
42
90
79
25
55
15
72
19
72
83
63
84
5
23
36
57
16
82
30
17
52
13
86
77
54
44
94
10
63
33
34
99
25
95
64
71
90
42
74
35
64
89
69
35
12
2
81
14
41
30
91
21
60
31
16
83
28
85
46
60
10
37
50
11
9
14
76
40
1
92
22
59
90
45
24
79
75
52
15
6
15
41
82
76
18
18
59
8
52
43
86
69
28
65
78
39
53
70
31
84
57
17
56
95
88
92
1
40
77
66
27
51
8
76
25
74
53
42
3
12
79
55
54
72
33
58
89
5
8
44
73
1
62
23
11
57
24
82
12
80
30
13
91
86
15
54
2
51
72
99
64
12
3
43
85
35
92
24
35
52
12
80
44
81
96
26
19
4
73
31
16
94
16
7
69
47
46
10
82
11
14
55
18
76
40
59
49
27
66
8
4
54
31
70
78
20
38
17
95
84
90
42
75
99
92
71
95
25
26
22
72
36
50
77
54
62
23
14
41
14
96
19
52
80
43
85
38
87
39
48
18
59
85
32
73
88
50
11
83
94
69
28
71
21
91
17
56
29
96
47
70
78
66
27
54
4
73
40
22
63
59
28
65
24
60
34
13
71
37
87
59
18
26
80
100
11
50
25
100
27
66
10
92
27
40
34
70
29
56
17
88
38
12
31
70
83
23
58
55
65
54
3
61
20
25
99
74
6
30
43
30
17
52
13
16
82
35
74
89
36
9
14
96
84
67
5
53
90
3
42
29
64
95
56
10
51
72
33
86
50
77
15
54
62
14
48
22
44
5
26
96
45
13
12
33
85
38
87
89
14
59
76
37
73
11
50
83
57
28
7
46
73
60
91
79
75
38
17
84
49
27
66
54
58
73
83
1
22
63
46
69
28
98
7
24
39
3
21
60
34
13
37
76
59
49
50
11
82
36
58
8
68
97
27
76
49
1
83
75
34
57
56
38
79
70
31
33
58
28
15
72
4
86
53
25
64
6
47
53
71
30
30
17
13
52
89
16
74
35
23
93
9
5
40
44
51
1
40
95
54
66
97
27
100
8
49
76
70
31
70
75
45
6
17
56
88
21
60
34
68
43
13
85
86
7
69
24
65
65
11
82
18
59
9
67
89
16
61
74
35
30
80
17
96
55
5
44
23
93
15
72
91
14
83
58
64
99
53
81
3
20
61
25
81
55
62
33
38
4
87
78
69
13
2
80
95
71
56
3
85
42
50
77
77
72
94
33
99
31
70
56
52
17
6
84
40
1
22
49
27
66
54
73
73
32
37
50
59
18
30
91
31
16
83
28
69
85
46
92
1
77
19
19
27
8
51
70
34
75
57
79
60
21
2
34
13
43
28
65
94
42
39
82
11
50
100
41
5
82
76
37
18
18
80
46
89
74
30
30
17
84
9
5
89
1
93
23
15
54
59
58
45
86
83
58
64
25
6
99
74
48
47
3
61
90
12
9
5
67
96
26
23
14
74
85
38
87
39
89
42
52
91
80
68
29
56
90
12
45
50
86
77
51
10
72
70
81
38
79
75
17
95
84
40
99
63
22
49
66
19
54
73
41
10
32
50
59
37
85
76
21
60
31
83
9
94
16
7
47
46
35
12
35
98
87
39
89
44
81
5
62
22
86
35
97
15
54
90
75
68
71
64
95
49
8
66
75
54
45
10
59
79
75
38
56
64
70
7
46
71
31
60
21
16
66
55
85
76
37
73
32
82
10
93
11
50
84
29
57
56
93
88
38
79
12
53
51
8
76
49
27
1
37
76
63
18
26
93
50
11
46
86
69
24
39
21
60
34
2
71
89
62
96
67
5
44
80
13
52
89
16
57
82
98
35
42
90
79
97
74
6
53
75
33
23
58
22
55
72
58
86
35
12
2
74
35
85
87
65
41
32
44
87
5
67
96
45
10
78
86
77
50
4
54
100
53
3
42
99
25
64
56
88
66
27
58
38
45
40
83
63
92
59
79
52
56
84
70
31
78
61
28
46
6
31
60
16
55
41
14
59
37
10
88
70
56
17
38
12
70
36
51
27
66
76
92
1
83
37
59
18
49
11
86
28
98
69
94
39
39
23
60
43
32
23
48
9
96
44
80
63
7
52
13
89
65
82
3
99
47
72
55
72
4
32
11
62
41
44
5
44
63
48
26
67
3
71
68
86
46
65
57
16
90
29
68
6
93
95
98
51
72
33
58
19
95
36
49
76
97
38
34
84
99
28
81
42
96
53
15
72
97
1
40
22
6
96
76
37
87
40
67
73
36
61
24
94
74
98
82
7
91
15
8
94
97
26
99
16
75
88
12
20
42
64
98
7
24
65
87
60
2
2
55
14
32
82
33
48
71
30
16
57
39
89
35
60
46
41
11
93
9
26
90
86
47
58
24
61
25
64
56
29
6
62
23
93
49
15
44
59
63
44
48
9
26
8
60
3
85
39
78
61
68
6
47
93
56
95
51
10
72
1
27
19
36
77
15
97
88
84
34
28
12
100
66
27
55
4
63
55
87
40
5
67
32
40
50
11
11
94
28
98
43
52
91
7
4
45
50
86
8
100
97
92
22
63
34
88
64
81
31
70
20
7
43
65
52
21
2
87
19
14
4
32
48
6
60
13
57
39
35
74
47
41
93
9
96
67
80
48
1
83
59
10
22
51
36
19
54
24
42
61
20
25
38
47
96
99
68
6
53
20
81
92
75
71
17
63
92
22
26
4
45
97
62
32
73
18
87
45
55
62
14
91
21
35
69
80
43
2
35
43
24
65
41
48
66
88
57
89
39
78
69
7
6
13
52
95
29
84
96
47
78
42
20
8
66
36
77
51
10
22
7
65
78
39
71
34
44
80
48
93
100
49
41
66
77
15
8
66
10
51
33
77
68
84
70
61
20
21
31
40
100
4
26
3
81
25
12
97
38
88
37
75
74
30
91
94
24
35
28
98
89
32
11
62
14
55
84
87
53
12
90
20
81
92
34
25
63
72
49
8
61
4
32
59
9
45
62
43
2
2
7
24
96
26
67
41
66
76
41
21
57
16
94
85
47
30
6
52
30
29
79
96
29
68
42
61
90
77
86
58
19
10
39
42
16
57
94
21
13
71
80
30
18
67
26
9
100
49
5
41
19
58
36
95
77
54
15
83
33
6
68
57
95
61
21
72
27
97
100
45
81
25
12
25
38
53
34
2
17
13
65
46
69
98
1
50
11
14
44
37
